{
  "asset": {
    "version": "2.0",
    "generator": "THREE.JS GLTFExporter"
  },
  "scenes": [
    {
      "nodes": [
        74
      ],
      "name": "AuxScene"
    }
  ],
  "scene": 0,
  "nodes": [
    {
      "mesh": 0
    },
    {
      "matrix": [
        -2.220446049250313e-16,
        0,
        -1.0000000000000002,
        0,
        0,
        1,
        0,
        0,
        1.0000000000000002,
        0,
        -2.220446049250313e-16,
        0,
        -2.1505097864893647,
        0.7434802855760996,
        14.188827135756139,
        1
      ],
      "children": [
        0
      ]
    },
    {
      "mesh": 1
    },
    {
      "matrix": [
        1,
        0,
        0,
        0,
        0,
        1,
        0,
        0,
        0,
        0,
        1,
        0,
        -3.69100648423096,
        0.7434802855760996,
        14.887672438373714,
        1
      ],
      "children": [
        2
      ]
    },
    {
      "mesh": 2
    },
    {
      "matrix": [
        -2.220446049250313e-16,
        0,
        -1.0000000000000002,
        0,
        0,
        1,
        0,
        0,
        1.0000000000000002,
        0,
        -2.220446049250313e-16,
        0,
        -2.1505097864893647,
        0.7434802855760996,
        14.188827135756139,
        1
      ],
      "children": [
        4
      ]
    },
    {
      "mesh": 3
    },
    {
      "matrix": [
        1,
        0,
        0,
        0,
        0,
        1,
        0,
        0,
        0,
        0,
        1,
        0,
        -3.947739397693634,
        0.7434802855760996,
        14.887672438373714,
        1
      ],
      "children": [
        6
      ]
    },
    {
      "mesh": 4
    },
    {
      "matrix": [
        -2.220446049250313e-16,
        0,
        -1.0000000000000002,
        0,
        0,
        1,
        0,
        0,
        1.0000000000000002,
        0,
        -2.220446049250313e-16,
        0,
        -5.747250873504417,
        0.7434802855760996,
        14.188435263221105,
        1
      ],
      "children": [
        8
      ]
    },
    {
      "mesh": 5
    },
    {
      "matrix": [
        -2.220446049250313e-16,
        0,
        -1.0000000000000002,
        0,
        0,
        1,
        0,
        0,
        1.0000000000000002,
        0,
        -2.220446049250313e-16,
        0,
        -3.6916125169194567,
        0.5453002461775603,
        14.188827135756139,
        1
      ],
      "children": [
        10
      ]
    },
    {
      "mesh": 6
    },
    {
      "matrix": [
        1,
        0,
        0,
        0,
        0,
        1,
        0,
        0,
        0,
        0,
        1,
        0,
        -2.945,
        0.29648279361355107,
        14.161,
        1
      ],
      "children": [
        12
      ]
    },
    {
      "mesh": 7
    },
    {
      "matrix": [
        1,
        0,
        0,
        0,
        0,
        1,
        0,
        0,
        0,
        0,
        1,
        0,
        -4.694387389259007,
        0.4975502574153322,
        14.161,
        1
      ],
      "children": [
        14
      ]
    },
    {
      "mesh": 8
    },
    {
      "matrix": [
        1,
        0,
        0,
        0,
        0,
        0.8191520442889918,
        0.573576436351046,
        0,
        0,
        -0.573576436351046,
        0.8191520442889918,
        0,
        -4.329497092459057,
        1.555,
        14.387382660990761,
        1
      ],
      "children": [
        16
      ]
    },
    {
      "mesh": 9
    },
    {
      "matrix": [
        1,
        0,
        0,
        0,
        0,
        0.8191520442889918,
        0.573576436351046,
        0,
        0,
        -0.573576436351046,
        0.8191520442889918,
        0,
        -4.32856227046585,
        1.585581905103418,
        14.343897449799512,
        1
      ],
      "children": [
        18
      ]
    },
    {
      "mesh": 10
    },
    {
      "matrix": [
        1,
        0,
        0,
        0,
        0,
        0.8191520442889918,
        0.573576436351046,
        0,
        0,
        -0.573576436351046,
        0.8191520442889918,
        0,
        -4.329,
        1.839408621575602,
        14.513180730632715,
        1
      ],
      "children": [
        20
      ]
    },
    {
      "mesh": 11
    },
    {
      "matrix": [
        1,
        0,
        0,
        0,
        0,
        0.8191520442889918,
        0.573576436351046,
        0,
        0,
        -0.573576436351046,
        0.8191520442889918,
        0,
        -4.329,
        1.3393302592691232,
        14.1641542536764,
        1
      ],
      "children": [
        22
      ]
    },
    {
      "mesh": 12
    },
    {
      "matrix": [
        1,
        0,
        0,
        0,
        0,
        0.8191520442889918,
        0.573576436351046,
        0,
        0,
        -0.573576436351046,
        0.8191520442889918,
        0,
        -3.904096271987451,
        1.5886030400436189,
        14.33876303534786,
        1
      ],
      "children": [
        24
      ]
    },
    {
      "mesh": 13
    },
    {
      "matrix": [
        1,
        0,
        0,
        0,
        0,
        0.8191520442889918,
        0.573576436351046,
        0,
        0,
        -0.573576436351046,
        0.8191520442889918,
        0,
        -4.754615322542857,
        1.5895024289887145,
        14.33876303534786,
        1
      ],
      "children": [
        26
      ]
    },
    {
      "mesh": 14
    },
    {
      "matrix": [
        1,
        0,
        0,
        0,
        0,
        1,
        0,
        0,
        0,
        0,
        1,
        0,
        -4.329,
        1.084,
        14.46323912423443,
        1
      ],
      "children": [
        28
      ]
    },
    {
      "mesh": 15
    },
    {
      "matrix": [
        1,
        0,
        0,
        0,
        0,
        1,
        0,
        0,
        0,
        0,
        1,
        0,
        -4.086467100028052,
        1.4193017984556004,
        14.449057916972903,
        1
      ],
      "children": [
        30
      ]
    },
    {
      "mesh": 16
    },
    {
      "matrix": [
        1,
        0,
        0,
        0,
        0,
        1,
        0,
        0,
        0,
        0,
        1,
        0,
        -4.572699024163469,
        1.4193017984556004,
        14.449,
        1
      ],
      "children": [
        32
      ]
    },
    {
      "mesh": 17
    },
    {
      "matrix": [
        1,
        0,
        0,
        0,
        0,
        1,
        0,
        0,
        0,
        0,
        1,
        0,
        -5.128047741372538,
        1.084,
        14.21324395510222,
        1
      ],
      "children": [
        34
      ]
    },
    {
      "mesh": 18
    },
    {
      "matrix": [
        0.9659258262890683,
        0,
        0.25881904510252074,
        0,
        0,
        1,
        0,
        0,
        -0.25881904510252074,
        0,
        0.9659258262890683,
        0,
        -5.181812649676617,
        1.2975002712628134,
        14.06859328471272,
        1
      ],
      "children": [
        36
      ]
    },
    {
      "mesh": 19
    },
    {
      "matrix": [
        0.9659258262890683,
        1.3877787807814457e-17,
        0.2588190451025207,
        0,
        -0.19826689127414615,
        0.6427876096865394,
        0.7399421116938479,
        0,
        -0.1663656753428019,
        -0.766044443118978,
        0.6208851530148457,
        0,
        -5.179931210582248,
        1.431075328021553,
        14.056395499975784,
        1
      ],
      "children": [
        38
      ]
    },
    {
      "mesh": 20
    },
    {
      "matrix": [
        0.9659258262890683,
        1.3877787807814457e-17,
        0.2588190451025207,
        0,
        -0.19826689127414615,
        0.6427876096865394,
        0.7399421116938479,
        0,
        -0.1663656753428019,
        -0.766044443118978,
        0.6208851530148457,
        0,
        -5.189836282398869,
        1.5016956162536756,
        14.093451901123727,
        1
      ],
      "children": [
        40
      ]
    },
    {
      "mesh": 21
    },
    {
      "matrix": [
        1,
        0,
        0,
        0,
        0,
        1,
        0,
        0,
        0,
        0,
        1,
        0,
        -4.324845469606348,
        1.0067180694145066,
        13.92019671499823,
        1
      ],
      "children": [
        42
      ]
    },
    {
      "mesh": 22
    },
    {
      "matrix": [
        1,
        0,
        0,
        0,
        0,
        1,
        0,
        0,
        0,
        0,
        1,
        0,
        -4.333697381930976,
        1.0111980799379219,
        14.024134774492392,
        1
      ],
      "children": [
        44
      ]
    },
    {
      "mesh": 23
    },
    {
      "matrix": [
        0.9659258262890683,
        1.3877787807814457e-17,
        0.2588190451025207,
        0,
        -0.19826689127414615,
        0.6427876096865394,
        0.7399421116938479,
        0,
        -0.1663656753428019,
        -0.766044443118978,
        0.6208851530148457,
        0,
        -5.113238604624158,
        1.4318181549715787,
        14.016128400964435,
        1
      ],
      "children": [
        46
      ]
    },
    {
      "mesh": 24
    },
    {
      "matrix": [
        0.9659258262890683,
        1.3877787807814457e-17,
        0.2588190451025207,
        0,
        -0.19826689127414615,
        0.6427876096865394,
        0.7399421116938479,
        0,
        -0.1663656753428019,
        -0.766044443118978,
        0.6208851530148457,
        0,
        -5.218467134023698,
        1.4314591569907726,
        13.986766362786891,
        1
      ],
      "children": [
        48
      ]
    },
    {
      "mesh": 25
    },
    {
      "matrix": [
        0.9659258262890683,
        1.3877787807814457e-17,
        0.2588190451025207,
        0,
        -0.19826689127414615,
        0.6427876096865394,
        0.7399421116938479,
        0,
        -0.1663656753428019,
        -0.766044443118978,
        0.6208851530148457,
        0,
        -5.14744114207809,
        1.4493710589542705,
        14.035706648073496,
        1
      ],
      "children": [
        50
      ]
    },
    {
      "mesh": 26
    },
    {
      "matrix": [
        0.9659258262890683,
        1.3877787807814457e-17,
        0.2588190451025207,
        0,
        -0.19826689127414615,
        0.6427876096865394,
        0.7399421116938479,
        0,
        -0.1663656753428019,
        -0.766044443118978,
        0.6208851530148457,
        0,
        -5.174219059225162,
        1.4494131201574076,
        14.02850466827218,
        1
      ],
      "children": [
        52
      ]
    },
    {
      "mesh": 27
    },
    {
      "matrix": [
        0.9659258262890683,
        1.3877787807814457e-17,
        0.2588190451025207,
        0,
        -0.19826689127414615,
        0.6427876096865394,
        0.7399421116938479,
        0,
        -0.1663656753428019,
        -0.766044443118978,
        0.6208851530148457,
        0,
        -5.201055771735555,
        1.4493130340041092,
        14.021287034282256,
        1
      ],
      "children": [
        54
      ]
    },
    {
      "mesh": 28
    },
    {
      "matrix": [
        0.9659258262890683,
        1.3877787807814457e-17,
        0.2588190451025207,
        0,
        -0.19826689127414615,
        0.6427876096865394,
        0.7399421116938479,
        0,
        -0.1663656753428019,
        -0.766044443118978,
        0.6208851530148457,
        0,
        -5.142455248676681,
        1.4348015156230556,
        14.019222764987619,
        1
      ],
      "children": [
        56
      ]
    },
    {
      "mesh": 29
    },
    {
      "matrix": [
        0.9659258262890683,
        1.3877787807814457e-17,
        0.2588190451025207,
        0,
        -0.19826689127414615,
        0.6427876096865394,
        0.7399421116938479,
        0,
        -0.1663656753428019,
        -0.766044443118978,
        0.6208851530148457,
        0,
        -5.16962427725515,
        1.4347237938331,
        14.011864562927194,
        1
      ],
      "children": [
        58
      ]
    },
    {
      "mesh": 30
    },
    {
      "matrix": [
        0.9659258262890683,
        1.3877787807814457e-17,
        0.2588190451025207,
        0,
        -0.19826689127414615,
        0.6427876096865394,
        0.7399421116938479,
        0,
        -0.1663656753428019,
        -0.766044443118978,
        0.6208851530148457,
        0,
        -5.19643806090788,
        1.434817143636541,
        14.004632535671044,
        1
      ],
      "children": [
        60
      ]
    },
    {
      "mesh": 31
    },
    {
      "matrix": [
        0.9659258262890683,
        1.3877787807814457e-17,
        0.2588190451025207,
        0,
        -0.19826689127414615,
        0.6427876096865394,
        0.7399421116938479,
        0,
        -0.1663656753428019,
        -0.766044443118978,
        0.6208851530148457,
        0,
        -5.137695181369743,
        1.4197026133355277,
        14.001820401567194,
        1
      ],
      "children": [
        62
      ]
    },
    {
      "mesh": 32
    },
    {
      "matrix": [
        0.9659258262890683,
        1.3877787807814457e-17,
        0.2588190451025207,
        0,
        -0.19826689127414615,
        0.6427876096865394,
        0.7399421116938479,
        0,
        -0.1663656753428019,
        -0.766044443118978,
        0.6208851530148457,
        0,
        -5.164801242945915,
        1.4197592110715471,
        13.994524905755231,
        1
      ],
      "children": [
        64
      ]
    },
    {
      "mesh": 33
    },
    {
      "matrix": [
        0.9659258262890683,
        1.3877787807814457e-17,
        0.2588190451025207,
        0,
        -0.19826689127414615,
        0.6427876096865394,
        0.7399421116938479,
        0,
        -0.1663656753428019,
        -0.766044443118978,
        0.6208851530148457,
        0,
        -5.191661231868675,
        1.4196848349927957,
        13.98720331579664,
        1
      ],
      "children": [
        66
      ]
    },
    {
      "mesh": 34
    },
    {
      "matrix": [
        0.9659258262890683,
        1.3877787807814457e-17,
        0.2588190451025207,
        0,
        -0.19826689127414615,
        0.6427876096865394,
        0.7399421116938479,
        0,
        -0.1663656753428019,
        -0.766044443118978,
        0.6208851530148457,
        0,
        -5.132521478993243,
        1.4036931423471284,
        13.983440929681608,
        1
      ],
      "children": [
        68
      ]
    },
    {
      "mesh": 35
    },
    {
      "matrix": [
        0.9659258262890683,
        1.3877787807814457e-17,
        0.2588190451025207,
        0,
        -0.19826689127414615,
        0.6427876096865394,
        0.7399421116938479,
        0,
        -0.1663656753428019,
        -0.766044443118978,
        0.6208851530148457,
        0,
        -5.159552155398854,
        1.4036634389135318,
        13.976115026101112,
        1
      ],
      "children": [
        70
      ]
    },
    {
      "mesh": 36
    },
    {
      "matrix": [
        0.9659258262890683,
        1.3877787807814457e-17,
        0.2588190451025207,
        0,
        -0.19826689127414615,
        0.6427876096865394,
        0.7399421116938479,
        0,
        -0.1663656753428019,
        -0.766044443118978,
        0.6208851530148457,
        0,
        -5.186715482275379,
        1.4036360051485892,
        13.968846453237465,
        1
      ],
      "children": [
        72
      ]
    },
    {
      "children": [
        1,
        3,
        5,
        7,
        9,
        11,
        13,
        15,
        17,
        19,
        21,
        23,
        25,
        27,
        29,
        31,
        33,
        35,
        37,
        39,
        41,
        43,
        45,
        47,
        49,
        51,
        53,
        55,
        57,
        59,
        61,
        63,
        65,
        67,
        69,
        71,
        73
      ]
    }
  ],
  "meshes": [
    {
      "primitives": [
        {
          "mode": 4,
          "attributes": {
            "POSITION": 0,
            "NORMAL": 1,
            "COLOR_0": 2,
            "TEXCOORD_0": 3
          },
          "material": 0
        }
      ]
    },
    {
      "primitives": [
        {
          "mode": 4,
          "attributes": {
            "POSITION": 4,
            "NORMAL": 5,
            "COLOR_0": 6,
            "TEXCOORD_0": 7
          },
          "material": 1
        }
      ]
    },
    {
      "primitives": [
        {
          "mode": 4,
          "attributes": {
            "POSITION": 8,
            "NORMAL": 9,
            "COLOR_0": 10,
            "TEXCOORD_0": 11
          },
          "material": 2
        }
      ]
    },
    {
      "primitives": [
        {
          "mode": 4,
          "attributes": {
            "POSITION": 12,
            "NORMAL": 13,
            "COLOR_0": 14,
            "TEXCOORD_0": 15
          },
          "material": 3
        }
      ]
    },
    {
      "primitives": [
        {
          "mode": 4,
          "attributes": {
            "POSITION": 16,
            "NORMAL": 17,
            "COLOR_0": 18,
            "TEXCOORD_0": 19
          },
          "material": 4
        }
      ]
    },
    {
      "primitives": [
        {
          "mode": 4,
          "attributes": {
            "POSITION": 20,
            "NORMAL": 21,
            "COLOR_0": 22,
            "TEXCOORD_0": 23
          },
          "material": 5
        }
      ]
    },
    {
      "primitives": [
        {
          "mode": 4,
          "attributes": {
            "POSITION": 24,
            "NORMAL": 25,
            "COLOR_0": 26,
            "TEXCOORD_0": 27
          },
          "material": 6
        }
      ]
    },
    {
      "primitives": [
        {
          "mode": 4,
          "attributes": {
            "POSITION": 28,
            "NORMAL": 29,
            "COLOR_0": 30,
            "TEXCOORD_0": 31
          },
          "material": 7
        }
      ]
    },
    {
      "primitives": [
        {
          "mode": 4,
          "attributes": {
            "POSITION": 32,
            "NORMAL": 33,
            "COLOR_0": 34,
            "TEXCOORD_0": 35
          },
          "material": 8
        }
      ]
    },
    {
      "primitives": [
        {
          "mode": 4,
          "attributes": {
            "POSITION": 36,
            "NORMAL": 37,
            "COLOR_0": 38,
            "TEXCOORD_0": 39
          },
          "material": 9
        }
      ]
    },
    {
      "primitives": [
        {
          "mode": 4,
          "attributes": {
            "POSITION": 40,
            "NORMAL": 41,
            "COLOR_0": 42,
            "TEXCOORD_0": 43
          },
          "material": 10
        }
      ]
    },
    {
      "primitives": [
        {
          "mode": 4,
          "attributes": {
            "POSITION": 44,
            "NORMAL": 45,
            "COLOR_0": 46,
            "TEXCOORD_0": 47
          },
          "material": 11
        }
      ]
    },
    {
      "primitives": [
        {
          "mode": 4,
          "attributes": {
            "POSITION": 48,
            "NORMAL": 49,
            "COLOR_0": 50,
            "TEXCOORD_0": 51
          },
          "material": 12
        }
      ]
    },
    {
      "primitives": [
        {
          "mode": 4,
          "attributes": {
            "POSITION": 52,
            "NORMAL": 53,
            "COLOR_0": 54,
            "TEXCOORD_0": 55
          },
          "material": 13
        }
      ]
    },
    {
      "primitives": [
        {
          "mode": 4,
          "attributes": {
            "POSITION": 56,
            "NORMAL": 57,
            "COLOR_0": 58,
            "TEXCOORD_0": 59
          },
          "material": 14
        }
      ]
    },
    {
      "primitives": [
        {
          "mode": 4,
          "attributes": {
            "POSITION": 60,
            "NORMAL": 61,
            "COLOR_0": 62,
            "TEXCOORD_0": 63
          },
          "material": 15
        }
      ]
    },
    {
      "primitives": [
        {
          "mode": 4,
          "attributes": {
            "POSITION": 64,
            "NORMAL": 65,
            "COLOR_0": 66,
            "TEXCOORD_0": 67
          },
          "material": 16
        }
      ]
    },
    {
      "primitives": [
        {
          "mode": 4,
          "attributes": {
            "POSITION": 68,
            "NORMAL": 69,
            "COLOR_0": 70,
            "TEXCOORD_0": 71
          },
          "material": 17
        }
      ]
    },
    {
      "primitives": [
        {
          "mode": 4,
          "attributes": {
            "POSITION": 72,
            "NORMAL": 73,
            "COLOR_0": 74,
            "TEXCOORD_0": 75
          },
          "material": 18
        }
      ]
    },
    {
      "primitives": [
        {
          "mode": 4,
          "attributes": {
            "POSITION": 76,
            "NORMAL": 77,
            "COLOR_0": 78,
            "TEXCOORD_0": 79
          },
          "material": 19
        }
      ]
    },
    {
      "primitives": [
        {
          "mode": 4,
          "attributes": {
            "POSITION": 80,
            "NORMAL": 81,
            "COLOR_0": 82,
            "TEXCOORD_0": 83
          },
          "material": 20
        }
      ]
    },
    {
      "primitives": [
        {
          "mode": 4,
          "attributes": {
            "POSITION": 84,
            "NORMAL": 85,
            "COLOR_0": 86,
            "TEXCOORD_0": 87
          },
          "material": 21
        }
      ]
    },
    {
      "primitives": [
        {
          "mode": 4,
          "attributes": {
            "POSITION": 88,
            "NORMAL": 89,
            "COLOR_0": 90,
            "TEXCOORD_0": 91
          },
          "material": 22
        }
      ]
    },
    {
      "primitives": [
        {
          "mode": 4,
          "attributes": {
            "POSITION": 92,
            "NORMAL": 93,
            "COLOR_0": 94,
            "TEXCOORD_0": 95
          },
          "material": 23
        }
      ]
    },
    {
      "primitives": [
        {
          "mode": 4,
          "attributes": {
            "POSITION": 96,
            "NORMAL": 97,
            "COLOR_0": 98,
            "TEXCOORD_0": 99
          },
          "material": 24
        }
      ]
    },
    {
      "primitives": [
        {
          "mode": 4,
          "attributes": {
            "POSITION": 100,
            "NORMAL": 101,
            "COLOR_0": 102,
            "TEXCOORD_0": 103
          },
          "material": 25
        }
      ]
    },
    {
      "primitives": [
        {
          "mode": 4,
          "attributes": {
            "POSITION": 104,
            "NORMAL": 105,
            "COLOR_0": 106,
            "TEXCOORD_0": 107
          },
          "material": 26
        }
      ]
    },
    {
      "primitives": [
        {
          "mode": 4,
          "attributes": {
            "POSITION": 108,
            "NORMAL": 109,
            "COLOR_0": 110,
            "TEXCOORD_0": 111
          },
          "material": 27
        }
      ]
    },
    {
      "primitives": [
        {
          "mode": 4,
          "attributes": {
            "POSITION": 112,
            "NORMAL": 113,
            "COLOR_0": 114,
            "TEXCOORD_0": 115
          },
          "material": 28
        }
      ]
    },
    {
      "primitives": [
        {
          "mode": 4,
          "attributes": {
            "POSITION": 116,
            "NORMAL": 117,
            "COLOR_0": 118,
            "TEXCOORD_0": 119
          },
          "material": 29
        }
      ]
    },
    {
      "primitives": [
        {
          "mode": 4,
          "attributes": {
            "POSITION": 120,
            "NORMAL": 121,
            "COLOR_0": 122,
            "TEXCOORD_0": 123
          },
          "material": 30
        }
      ]
    },
    {
      "primitives": [
        {
          "mode": 4,
          "attributes": {
            "POSITION": 124,
            "NORMAL": 125,
            "COLOR_0": 126,
            "TEXCOORD_0": 127
          },
          "material": 31
        }
      ]
    },
    {
      "primitives": [
        {
          "mode": 4,
          "attributes": {
            "POSITION": 128,
            "NORMAL": 129,
            "COLOR_0": 130,
            "TEXCOORD_0": 131
          },
          "material": 32
        }
      ]
    },
    {
      "primitives": [
        {
          "mode": 4,
          "attributes": {
            "POSITION": 132,
            "NORMAL": 133,
            "COLOR_0": 134,
            "TEXCOORD_0": 135
          },
          "material": 33
        }
      ]
    },
    {
      "primitives": [
        {
          "mode": 4,
          "attributes": {
            "POSITION": 136,
            "NORMAL": 137,
            "COLOR_0": 138,
            "TEXCOORD_0": 139
          },
          "material": 34
        }
      ]
    },
    {
      "primitives": [
        {
          "mode": 4,
          "attributes": {
            "POSITION": 140,
            "NORMAL": 141,
            "COLOR_0": 142,
            "TEXCOORD_0": 143
          },
          "material": 35
        }
      ]
    },
    {
      "primitives": [
        {
          "mode": 4,
          "attributes": {
            "POSITION": 144,
            "NORMAL": 145,
            "COLOR_0": 146,
            "TEXCOORD_0": 147
          },
          "material": 36
        }
      ]
    }
  ],
  "materials": [
    {
      "pbrMetallicRoughness": {
        "baseColorFactor": [
          0.1411764705882353,
          0.1411764705882353,
          0.1411764705882353,
          1
        ],
        "metallicFactor": 0,
        "roughnessFactor": 0.5
      }
    },
    {
      "pbrMetallicRoughness": {
        "baseColorFactor": [
          0.1411764705882353,
          0.1411764705882353,
          0.1411764705882353,
          1
        ],
        "metallicFactor": 0,
        "roughnessFactor": 0.5
      }
    },
    {
      "pbrMetallicRoughness": {
        "baseColorFactor": [
          0.1411764705882353,
          0.1411764705882353,
          0.1411764705882353,
          1
        ],
        "metallicFactor": 0,
        "roughnessFactor": 0.5
      }
    },
    {
      "pbrMetallicRoughness": {
        "baseColorFactor": [
          0.1411764705882353,
          0.1411764705882353,
          0.1411764705882353,
          1
        ],
        "metallicFactor": 0,
        "roughnessFactor": 0.5
      }
    },
    {
      "pbrMetallicRoughness": {
        "baseColorFactor": [
          0.1411764705882353,
          0.1411764705882353,
          0.1411764705882353,
          1
        ],
        "metallicFactor": 0,
        "roughnessFactor": 0.5
      }
    },
    {
      "pbrMetallicRoughness": {
        "baseColorFactor": [
          0.1411764705882353,
          0.1411764705882353,
          0.1411764705882353,
          1
        ],
        "metallicFactor": 0,
        "roughnessFactor": 0.5
      }
    },
    {
      "pbrMetallicRoughness": {
        "baseColorFactor": [
          0.34901960784313724,
          0.34901960784313724,
          0.34901960784313724,
          1
        ],
        "metallicFactor": 0,
        "roughnessFactor": 0.5
      }
    },
    {
      "pbrMetallicRoughness": {
        "baseColorFactor": [
          0.34901960784313724,
          0.34901960784313724,
          0.34901960784313724,
          1
        ],
        "metallicFactor": 0,
        "roughnessFactor": 0.5
      }
    },
    {
      "pbrMetallicRoughness": {
        "baseColorFactor": [
          0.24313725490196078,
          0.24313725490196078,
          0.24313725490196078,
          1
        ],
        "metallicFactor": 0,
        "roughnessFactor": 0.5
      }
    },
    {
      "pbrMetallicRoughness": {
        "baseColorFactor": [
          0.9372549019607843,
          0.9372549019607843,
          0.9372549019607843,
          1
        ],
        "metallicFactor": 0,
        "roughnessFactor": 0.5
      }
    },
    {
      "pbrMetallicRoughness": {
        "baseColorFactor": [
          0.24313725490196078,
          0.24313725490196078,
          0.24313725490196078,
          1
        ],
        "metallicFactor": 0,
        "roughnessFactor": 0.5
      }
    },
    {
      "pbrMetallicRoughness": {
        "baseColorFactor": [
          0.24313725490196078,
          0.24313725490196078,
          0.24313725490196078,
          1
        ],
        "metallicFactor": 0,
        "roughnessFactor": 0.5
      }
    },
    {
      "pbrMetallicRoughness": {
        "baseColorFactor": [
          0.24313725490196078,
          0.24313725490196078,
          0.24313725490196078,
          1
        ],
        "metallicFactor": 0,
        "roughnessFactor": 0.5
      }
    },
    {
      "pbrMetallicRoughness": {
        "baseColorFactor": [
          0.24313725490196078,
          0.24313725490196078,
          0.24313725490196078,
          1
        ],
        "metallicFactor": 0,
        "roughnessFactor": 0.5
      }
    },
    {
      "pbrMetallicRoughness": {
        "baseColorFactor": [
          0.24313725490196078,
          0.24313725490196078,
          0.24313725490196078,
          1
        ],
        "metallicFactor": 0,
        "roughnessFactor": 0.5
      }
    },
    {
      "pbrMetallicRoughness": {
        "baseColorFactor": [
          0.5019607843137255,
          0.5019607843137255,
          0.5019607843137255,
          1
        ],
        "metallicFactor": 0,
        "roughnessFactor": 0.5
      }
    },
    {
      "pbrMetallicRoughness": {
        "baseColorFactor": [
          0.5019607843137255,
          0.5019607843137255,
          0.5019607843137255,
          1
        ],
        "metallicFactor": 0,
        "roughnessFactor": 0.5
      }
    },
    {
      "pbrMetallicRoughness": {
        "baseColorFactor": [
          0.24313725490196078,
          0.24313725490196078,
          0.24313725490196078,
          1
        ],
        "metallicFactor": 0,
        "roughnessFactor": 0.5
      }
    },
    {
      "pbrMetallicRoughness": {
        "baseColorFactor": [
          0.5019607843137255,
          0.5019607843137255,
          0.5019607843137255,
          1
        ],
        "metallicFactor": 0,
        "roughnessFactor": 0.5
      }
    },
    {
      "pbrMetallicRoughness": {
        "baseColorFactor": [
          0.24313725490196078,
          0.24313725490196078,
          0.24313725490196078,
          1
        ],
        "metallicFactor": 0,
        "roughnessFactor": 0.5
      }
    },
    {
      "pbrMetallicRoughness": {
        "baseColorFactor": [
          0.9372549019607843,
          0.9372549019607843,
          0.9372549019607843,
          1
        ],
        "metallicFactor": 0,
        "roughnessFactor": 0.5
      }
    },
    {
      "pbrMetallicRoughness": {
        "baseColorFactor": [
          0.5019607843137255,
          0.5019607843137255,
          0.5019607843137255,
          1
        ],
        "metallicFactor": 0,
        "roughnessFactor": 0.5
      }
    },
    {
      "pbrMetallicRoughness": {
        "baseColorFactor": [
          0.1411764705882353,
          0.1411764705882353,
          0.1411764705882353,
          1
        ],
        "metallicFactor": 0,
        "roughnessFactor": 0.5
      }
    },
    {
      "pbrMetallicRoughness": {
        "metallicFactor": 0,
        "roughnessFactor": 0.5
      }
    },
    {
      "pbrMetallicRoughness": {
        "baseColorFactor": [
          0.1411764705882353,
          0.1411764705882353,
          0.1411764705882353,
          1
        ],
        "metallicFactor": 0,
        "roughnessFactor": 0.5
      }
    },
    {
      "pbrMetallicRoughness": {
        "baseColorFactor": [
          0.9372549019607843,
          0.9372549019607843,
          0.9372549019607843,
          1
        ],
        "metallicFactor": 0,
        "roughnessFactor": 0.5
      }
    },
    {
      "pbrMetallicRoughness": {
        "baseColorFactor": [
          0.9372549019607843,
          0.9372549019607843,
          0.9372549019607843,
          1
        ],
        "metallicFactor": 0,
        "roughnessFactor": 0.5
      }
    },
    {
      "pbrMetallicRoughness": {
        "baseColorFactor": [
          0.9372549019607843,
          0.9372549019607843,
          0.9372549019607843,
          1
        ],
        "metallicFactor": 0,
        "roughnessFactor": 0.5
      }
    },
    {
      "pbrMetallicRoughness": {
        "baseColorFactor": [
          0.9372549019607843,
          0.9372549019607843,
          0.9372549019607843,
          1
        ],
        "metallicFactor": 0,
        "roughnessFactor": 0.5
      }
    },
    {
      "pbrMetallicRoughness": {
        "baseColorFactor": [
          0.9372549019607843,
          0.9372549019607843,
          0.9372549019607843,
          1
        ],
        "metallicFactor": 0,
        "roughnessFactor": 0.5
      }
    },
    {
      "pbrMetallicRoughness": {
        "baseColorFactor": [
          0.9372549019607843,
          0.9372549019607843,
          0.9372549019607843,
          1
        ],
        "metallicFactor": 0,
        "roughnessFactor": 0.5
      }
    },
    {
      "pbrMetallicRoughness": {
        "baseColorFactor": [
          0.9372549019607843,
          0.9372549019607843,
          0.9372549019607843,
          1
        ],
        "metallicFactor": 0,
        "roughnessFactor": 0.5
      }
    },
    {
      "pbrMetallicRoughness": {
        "baseColorFactor": [
          0.9372549019607843,
          0.9372549019607843,
          0.9372549019607843,
          1
        ],
        "metallicFactor": 0,
        "roughnessFactor": 0.5
      }
    },
    {
      "pbrMetallicRoughness": {
        "baseColorFactor": [
          0.9372549019607843,
          0.9372549019607843,
          0.9372549019607843,
          1
        ],
        "metallicFactor": 0,
        "roughnessFactor": 0.5
      }
    },
    {
      "pbrMetallicRoughness": {
        "baseColorFactor": [
          1,
          0,
          0,
          1
        ],
        "metallicFactor": 0,
        "roughnessFactor": 0.5
      }
    },
    {
      "pbrMetallicRoughness": {
        "baseColorFactor": [
          1,
          1,
          0,
          1
        ],
        "metallicFactor": 0,
        "roughnessFactor": 0.5
      }
    },
    {
      "pbrMetallicRoughness": {
        "baseColorFactor": [
          0,
          0.5019607843137255,
          0,
          1
        ],
        "metallicFactor": 0,
        "roughnessFactor": 0.5
      }
    }
  ],
  "accessors": [
    {
      "bufferView": 0,
      "componentType": 5126,
      "count": 36,
      "max": [
        0.75,
        0.75,
        0.05000000074505806
      ],
      "min": [
        -0.75,
        -0.75,
        -0.05000000074505806
      ],
      "type": "VEC3"
    },
    {
      "bufferView": 1,
      "componentType": 5126,
      "count": 36,
      "max": [
        1,
        1,
        1
      ],
      "min": [
        -1,
        -1,
        -1
      ],
      "type": "VEC3"
    },
    {
      "bufferView": 2,
      "componentType": 5126,
      "count": 36,
      "max": [
        1,
        1,
        1
      ],
      "min": [
        1,
        1,
        1
      ],
      "type": "VEC3"
    },
    {
      "bufferView": 3,
      "componentType": 5126,
      "count": 36,
      "max": [
        1,
        1
      ],
      "min": [
        0,
        0
      ],
      "type": "VEC2"
    },
    {
      "bufferView": 4,
      "componentType": 5126,
      "count": 36,
      "max": [
        1.5,
        0.75,
        0.05000000074505806
      ],
      "min": [
        -1.5,
        -0.75,
        -0.05000000074505806
      ],
      "type": "VEC3"
    },
    {
      "bufferView": 5,
      "componentType": 5126,
      "count": 36,
      "max": [
        1,
        1,
        1
      ],
      "min": [
        -1,
        -1,
        -1
      ],
      "type": "VEC3"
    },
    {
      "bufferView": 6,
      "componentType": 5126,
      "count": 36,
      "max": [
        1,
        1,
        1
      ],
      "min": [
        1,
        1,
        1
      ],
      "type": "VEC3"
    },
    {
      "bufferView": 7,
      "componentType": 5126,
      "count": 36,
      "max": [
        1,
        1
      ],
      "min": [
        0,
        0
      ],
      "type": "VEC2"
    },
    {
      "bufferView": 8,
      "componentType": 5126,
      "count": 36,
      "max": [
        0.75,
        0.75,
        0.05000000074505806
      ],
      "min": [
        -0.75,
        -0.75,
        -0.05000000074505806
      ],
      "type": "VEC3"
    },
    {
      "bufferView": 9,
      "componentType": 5126,
      "count": 36,
      "max": [
        1,
        1,
        1
      ],
      "min": [
        -1,
        -1,
        -1
      ],
      "type": "VEC3"
    },
    {
      "bufferView": 10,
      "componentType": 5126,
      "count": 36,
      "max": [
        1,
        1,
        1
      ],
      "min": [
        1,
        1,
        1
      ],
      "type": "VEC3"
    },
    {
      "bufferView": 11,
      "componentType": 5126,
      "count": 36,
      "max": [
        1,
        1
      ],
      "min": [
        0,
        0
      ],
      "type": "VEC2"
    },
    {
      "bufferView": 12,
      "componentType": 5126,
      "count": 36,
      "max": [
        1.75,
        0.75,
        0.05000000074505806
      ],
      "min": [
        -1.75,
        -0.75,
        -0.05000000074505806
      ],
      "type": "VEC3"
    },
    {
      "bufferView": 13,
      "componentType": 5126,
      "count": 36,
      "max": [
        1,
        1,
        1
      ],
      "min": [
        -1,
        -1,
        -1
      ],
      "type": "VEC3"
    },
    {
      "bufferView": 14,
      "componentType": 5126,
      "count": 36,
      "max": [
        1,
        1,
        1
      ],
      "min": [
        1,
        1,
        1
      ],
      "type": "VEC3"
    },
    {
      "bufferView": 15,
      "componentType": 5126,
      "count": 36,
      "max": [
        1,
        1
      ],
      "min": [
        0,
        0
      ],
      "type": "VEC2"
    },
    {
      "bufferView": 16,
      "componentType": 5126,
      "count": 36,
      "max": [
        0.75,
        0.75,
        0.05000000074505806
      ],
      "min": [
        -0.75,
        -0.75,
        -0.05000000074505806
      ],
      "type": "VEC3"
    },
    {
      "bufferView": 17,
      "componentType": 5126,
      "count": 36,
      "max": [
        1,
        1,
        1
      ],
      "min": [
        -1,
        -1,
        -1
      ],
      "type": "VEC3"
    },
    {
      "bufferView": 18,
      "componentType": 5126,
      "count": 36,
      "max": [
        1,
        1,
        1
      ],
      "min": [
        1,
        1,
        1
      ],
      "type": "VEC3"
    },
    {
      "bufferView": 19,
      "componentType": 5126,
      "count": 36,
      "max": [
        1,
        1
      ],
      "min": [
        0,
        0
      ],
      "type": "VEC2"
    },
    {
      "bufferView": 20,
      "componentType": 5126,
      "count": 36,
      "max": [
        0.75,
        0.550000011920929,
        0.02500000037252903
      ],
      "min": [
        -0.75,
        -0.550000011920929,
        -0.02500000037252903
      ],
      "type": "VEC3"
    },
    {
      "bufferView": 21,
      "componentType": 5126,
      "count": 36,
      "max": [
        1,
